=== Iteration 1 ===
0 0 0 0 0 0 0 0 0 0 0 0 0 0 0 0 0 0 0 0 0
0 0 0 0 0 0 0 0 0 0 0 0 0 0 0 0 0 0 0 0 0
0 0 0 0 0 0 0 1 0 0 0 0 0 1 0 0 0 0 0 0 0
0 0 0 0 0 0 0 1 0 0 0 0 0 1 0 0 0 0 0 0 0
0 0 0 0 0 0 0 1 1 0 0 0 1 1 0 0 0 0 0 0 0
0 0 0 0 0 0 0 0 0 0 0 0 0 0 0 0 0 0 0 0 0
0 0 0 1 1 1 0 0 1 1 0 1 1 0 0 1 1 1 0 0 0
0 0 0 0 0 1 0 1 0 1 0 1 0 1 0 1 0 0 0 0 0
0 0 0 0 0 0 0 1 1 0 0 0 1 1 0 0 0 0 0 0 0
0 0 0 0 0 0 0 0 0 0 0 0 0 0 0 0 0 0 0 0 0
0 0 0 0 0 0 0 1 1 0 0 0 1 1 0 0 0 0 0 0 0
0 0 0 0 0 1 0 1 0 1 0 1 0 1 0 1 0 0 0 0 0
0 0 0 1 1 1 0 0 1 1 0 1 1 0 0 1 1 1 0 0 0
0 0 0 0 0 0 0 0 0 0 0 0 0 0 0 0 0 0 0 0 0
0 0 0 0 0 0 0 1 1 0 0 0 1 1 0 0 0 0 0 0 0
0 0 0 0 0 0 0 1 0 0 0 0 0 1 0 0 0 0 0 0 0
0 0 0 0 0 0 0 1 0 0 0 0 0 1 0 0 0 0 0 0 0
0 0 0 0 0 0 0 0 0 0 0 0 0 0 0 0 0 0 0 0 0
0 0 0 0 0 0 0 0 0 0 0 0 0 0 0 0 0 0 0 0 0
0 0 0 0 0 0 0 0 0 0 0 0 0 0 0 0 0 0 0 0 0

=== Iteration 2 ===
0 0 0 0 0 0 0 0 0 0 0 0 0 0 0 0 0 0 0 0 0
0 0 0 0 0 0 0 0 0 0 0 0 0 0 0 0 0 0 0 0 0
0 0 0 0 0 0 0 0 0 0 0 0 0 0 0 0 0 0 0 0 0
0 0 0 0 0 0 1 1 0 0 0 0 0 1 1 0 0 0 0 0 0
0 0 0 0 0 0 0 1 1 0 0 0 1 1 0 0 0 0 0 0 0
0 0 0 0 1 0 0 1 0 1 0 1 0 1 0 0 1 0 0 0 0
0 0 0 0 1 1 1 0 1 1 0 1 1 0 1 1 1 0 0 0 0
0 0 0 0 0 1 0 1 0 1 0 1 0 1 0 1 0 0 0 0 0
0 0 0 0 0 0 1 1 1 0 0 0 1 1 1 0 0 0 0 0 0
0 0 0 0 0 0 0 0 0 0 0 0 0 0 0 0 0 0 0 0 0
0 0 0 0 0 0 1 1 1 0 0 0 1 1 1 0 0 0 0 0 0
0 0 0 0 0 1 0 1 0 1 0 1 0 1 0 1 0 0 0 0 0
0 0 0 0 1 1 1 0 1 1 0 1 1 0 1 1 1 0 0 0 0
0 0 0 0 1 0 0 1 0 1 0 1 0 1 0 0 1 0 0 0 0
0 0 0 0 0 0 0 1 1 0 0 0 1 1 0 0 0 0 0 0 0
0 0 0 0 0 0 1 1 0 0 0 0 0 1 1 0 0 0 0 0 0
0 0 0 0 0 0 0 0 0 0 0 0 0 0 0 0 0 0 0 0 0
0 0 0 0 0 0 0 0 0 0 0 0 0 0 0 0 0 0 0 0 0
0 0 0 0 0 0 0 0 0 0 0 0 0 0 0 0 0 0 0 0 0
0 0 0 0 0 0 0 0 0 0 0 0 0 0 0 0 0 0 0 0 0

=== Iteration 1 ===
0 0 0 0 0 0 0 0 0 0 0 0 0 0 0 0 0 0 0 0 0
0 0 0 0 0 0 0 0 0 0 0 0 0 0 0 0 0 0 0 0 0
0 0 0 0 0 0 0 1 0 0 0 0 0 1 0 0 0 0 0 0 0
0 0 0 0 0 0 0 1 0 0 0 0 0 1 0 0 0 0 0 0 0
0 0 0 0 0 0 0 1 1 0 0 0 1 1 0 0 0 0 0 0 0
0 0 0 0 0 0 0 0 0 0 0 0 0 0 0 0 0 0 0 0 0
0 0 0 1 1 1 0 0 1 1 0 1 1 0 0 1 1 1 0 0 0
0 0 0 0 0 1 0 1 0 1 0 1 0 1 0 1 0 0 0 0 0
0 0 0 0 0 0 0 1 1 0 0 0 1 1 0 0 0 0 0 0 0
0 0 0 0 0 0 0 0 0 0 0 0 0 0 0 0 0 0 0 0 0
0 0 0 0 0 0 0 1 1 0 0 0 1 1 0 0 0 0 0 0 0
0 0 0 0 0 1 0 1 0 1 0 1 0 1 0 1 0 0 0 0 0
0 0 0 1 1 1 0 0 1 1 0 1 1 0 0 1 1 1 0 0 0
0 0 0 0 0 0 0 0 0 0 0 0 0 0 0 0 0 0 0 0 0
0 0 0 0 0 0 0 1 1 0 0 0 1 1 0 0 0 0 0 0 0
0 0 0 0 0 0 0 1 0 0 0 0 0 1 0 0 0 0 0 0 0
0 0 0 0 0 0 0 1 0 0 0 0 0 1 0 0 0 0 0 0 0
0 0 0 0 0 0 0 0 0 0 0 0 0 0 0 0 0 0 0 0 0
0 0 0 0 0 0 0 0 0 0 0 0 0 0 0 0 0 0 0 0 0
0 0 0 0 0 0 0 0 0 0 0 0 0 0 0 0 0 0 0 0 0

=== Iteration 2 ===
0 0 0 0 0 0 0 0 0 0 0 0 0 0 0 0 0 0 0 0 0
0 0 0 0 0 0 0 0 0 0 0 0 0 0 0 0 0 0 0 0 0
0 0 0 0 0 0 0 0 0 0 0 0 0 0 0 0 0 0 0 0 0
0 0 0 0 0 0 1 1 0 0 0 0 0 1 1 0 0 0 0 0 0
0 0 0 0 0 0 0 1 1 0 0 0 1 1 0 0 0 0 0 0 0
0 0 0 0 1 0 0 1 0 1 0 1 0 1 0 0 1 0 0 0 0
0 0 0 0 1 1 1 0 1 1 0 1 1 0 1 1 1 0 0 0 0
0 0 0 0 0 1 0 1 0 1 0 1 0 1 0 1 0 0 0 0 0
0 0 0 0 0 0 1 1 1 0 0 0 1 1 1 0 0 0 0 0 0
0 0 0 0 0 0 0 0 0 0 0 0 0 0 0 0 0 0 0 0 0
0 0 0 0 0 0 1 1 1 0 0 0 1 1 1 0 0 0 0 0 0
0 0 0 0 0 1 0 1 0 1 0 1 0 1 0 1 0 0 0 0 0
0 0 0 0 1 1 1 0 1 1 0 1 1 0 1 1 1 0 0 0 0
0 0 0 0 1 0 0 1 0 1 0 1 0 1 0 0 1 0 0 0 0
0 0 0 0 0 0 0 1 1 0 0 0 1 1 0 0 0 0 0 0 0
0 0 0 0 0 0 1 1 0 0 0 0 0 1 1 0 0 0 0 0 0
0 0 0 0 0 0 0 0 0 0 0 0 0 0 0 0 0 0 0 0 0
0 0 0 0 0 0 0 0 0 0 0 0 0 0 0 0 0 0 0 0 0
0 0 0 0 0 0 0 0 0 0 0 0 0 0 0 0 0 0 0 0 0
0 0 0 0 0 0 0 0 0 0 0 0 0 0 0 0 0 0 0 0 0

